0 2.7
1.05 2.74
2 2.77
3.1 2.81
4 2.85
5 2.9
6 2.96
7 3.02
8 3.09
9 3.18
10 3.28
10.5 3.34
11 3.41
11.5 3.5
12 3.62
12.5 3.78
13 4.06
13.2 4.24
13.4 4.60
13.5 4.88
13.6 5.21
13.7 5.43
13.8 5.6
13.9 5.65
14 5.75
14.1 5.85
14.2 5.92
14.3 5.95
14.4 6.01
14.5 6.05
14.75 6.17
15 6.26
15.25 6.33
15.5 6.39
15.75 6.45
16 6.5
16.5 6.6
17 6.68
17.5 6.75
18.5 6.88
19 6.95
20 7.08
21 7.2
22.05 7.33
23 7.46
23.5 7.52
24 7.6
25 7.8
25.5 7.92
26 8.08
26.2 8.15
26.4 8.25
26.6 8.35
26.8 8.5
26.9 8.58
27 8.68
27.1 8.80
27.2 8.98
27.3 9.16
27.4 9.47
27.5 9.69
27.6 9.88
27.7 10
27.8 10.14
27.95 10.29
28.25 10.5
28.5 10.63
28.75 10.73
29 10.81
29.5 10.94
30 11.03
30.5 11.1
31 11.16
32 11.26
33 11.34
34 11.41
35.5 11.49
