0 2.25
1 2.26
2 2.29
3 2.31
3.5 2.32
4.5 2.35
5.5 2.38
6.5 2.41
7.5 2.44
8.5 2.47
9.5 2.51
10.5 2.54
11.5 2.58
12 2.61
12.5 2.63
13 2.65
13.5 2.68
14 2.7
14.5 2.73
15 2.76
15.5 2.79
16 2.82
16.5 2.85
17 2.89
17.4 2.92
18 2.97
18.5 3.02
18.75 3.05
19 3.08
19.25 3.11
19.5 3.14
19.75 3.17
20 3.21
20.2 3.24
20.4 3.28
20.6 3.32
20.7 3.34
20.9 3.38
21.1 3.43
21.3 3.49
21.5 3.54
21.7 3.62
21.9 3.72
22.1 3.86
22.3 4.04
22.4 4.16
22.5 4.38
22.6 4.6
22.7 6.46
22.8 9.64
22.9 10.18
23 10.35
23.5 10.94
24 11.16
24.5 11.28
25 11.36
